$ANSIBLE_VAULT;1.1;AES256
38633837326662373436313439356262383130643031333664626232366334623138653233623261
3735363539386666336634373235326132333639393239350a326339363962306163626364636532
31653839353162653462363034653035363831383938643363396662376434666236656137613238
6433613936366464340a386366313561393136623930353933333130336664313138393766643434
31383435303931373066333333633935393632653538613738633530636236666538366339343465
30396566366432663839393436393536333964623030303837306134666163646231373961616335
39343539373035643335616662623039323761323030646338633435343936303361376462613162
62633834623730303133373532333038656537323032393536383165376431346634373061376265
62386136613530326132333533383032633438653133353436393332653137386538333133663861
30623338306664343264346365376431346332333534633437643261383436363533363033656264
30633730363364393230356565343734373234616235323861636634613832303139366633313665
61336463333561356264633765323032623038326537643266323837316164646664623362356136
34616461313030613661623036613431303239613130316538393637353036363561643061396430
37316262336162343161393336653433343262323133306539336532343565303332303263396364
34613938353266656161343631356439323365373438393464383436356666313738316566663463
39303066373766653530363234313836363236386239333034383533353136333034613765653938
33373461386562343037343938346531376162643030343330373166626234326630613433343963
66306238623538373637633136386535623535633132366134316664353339306663613536396634
63373266303835346337363036366133636336613964666131326235616562626538343337323661
66656664306265363334313164303331376562643563666138643134383330653538376131396338
65346432303361336637383063356564396235623634373766333130376434666366363464336465
39303639303763386665366436623261373135323161623865643135323931343261386365636531
62366334633566643063326230306430636165393136326633343036353363393863356363303838
61383362303535633239353037663663666461336561313730373761653763616561623566386335
65303531363534343132636561303762643662653163376534313738366361343934623661646464
39373363376631353762653462353361363430623163396436353461613432326165383030346230
39666161336231373364313761366163653135313762663865386639613230326533616138646433
61356365313138646532653236353530313330663362653137333937353664373061646263343037
32343734376631313439663962646335333335616431366661366339386462663466646261363339
66613638393861633962656338386663363537383338613739666166613662653532623332366436
64346265323862386161373930373962616336343262346239336631363536373665323836666561
65623332303465326237353666643466633432343130346638646162616632316161306631343064
65656266623936346238626334633566333032663263613238346466303262646432396234303263
62333238343532616231656162396365393431343531666537303661333765323565393939653339
36663736346563303461653730313938623731353536346538383565373763343965393966353631
63306366323864626532653061636433656566366135663965316230633433623130343838343233
63396137323963303161343633623631373330323832623338646239326334613265366561336432
34313030636539366366373434346433343161373338303764376236323733326161633831303633
34633034633033633938336437613734626462326539376130646432366431383330653566613133
35396438383234346361313737336233363962323239646362643131393431353834633833306661
30613634636131376130373336633661623034323437653566366633613765323162326262313233
63376161353939373763663163376238643837653161623431653965363333366264346366333661
66633332333034333732623532346366346430643536323332653430376335366137663837626433
30343561333538353766376666663039646639636131386132336662303533616539336664643564
33663462353033323735653838326164636630643338356332323664643736626530643031613265
30393534336166383764323339613930636438366165373564663130306137666565633838336531
63333335613934663766656637386265313538633431623131303535363261623836393465613735
61326535373064623838316133623361333766663035623564343734623737316331323162373333
62356234373938356663646262396132336234363562316233353962633265633164333139306630
35366363353832353836383030333637316635346161306137393035383466373666306563643863
38306638346562316438613163333639373532613663346534333964633564383138653364383436
31303235643431633363626130633837323934383931313462653532636465343334376462633630
66353465383866303532363163383734616530616430656166643063313833353864663338383863
61333931343066343238353837666136366438663935396162336662666530373836396534303238
34656562386633306535336461363065313430303034333566643331396438393838666236393766
36333665316631363931633336666434386234636462396638383661656434376664613465613637
37363936373139396138613630336261353736316531356166396266356234376331353463393061
62386630386430643166633030343761363631666537333065303662333634396265383465316635
34336461386264626434636530316537373437363662383933666362313536333562393137643432
61323939343363333538333030396564363461633066633262636261303439303762616338363336
39323839633335646665333739633865363536366439363536613763313934653661396232643236
63343965633164353230336436633763383434353033656338366532623337663637346665626361
37626631623566613233323335366235366130646334636264373333633863386633636134623165
38393662343235393530326564356638326163353132313464376666646132636634383330396632
61633864323433313135373231616533303538373531313765366238376139613065313662623334
35373565633139356633333862616532383431353365326636656462376436323163303164623839
37373764663533353835396330326637306461336634366135373530633261623836323566323865
62393836323665363836396231343766613035393136623064623634623764666633623439643266
64623931613933323337326534663438383837313539303364343537343938306139313661393935
34366238663061646438303031393233363931333436626338616562356536393333393033303764
66346163373136336564613638376462346534393934333531333762633530373963323061326264
33346166386530393266636433303735366364323934653736383330613331646130313764306633
37303266333332306330386135616531653765383663643835316333353331656537386438663734
33326561303433666138393664333962376364646264613837393661636332346435633139323862
32393962353063636633336135646263316461663366616461393564313164326161336434626633
38306638333164663538366433623333333035333438633865383862356265333833643161366335
38396566396164633033613564626263393362333531333163366264643336663730666662353433
61333735396232313636346337633963396339323735383430643835363564366663653930376334
38333230373137383163656238333430396336393862326330646133326366343265396439383234
65376234306236623630396634336539333935613936313666363431643161333963386130336234
32623663373532323633313431343630613830616335376134643935313562623261376430356162
37316235353936623234656161616531623733633334343664343036306630343361613232616239
34363462343964373462303139643265373762343539643235656366396631363566303238303363
31363363636236393931346562386466383735626638313830346662363539663532646332383934
33323932373234326236306338613365316365316235326436353061623264633464313664356531
65336261313732313330316430633364376365663361383864343537616565623230653436366534
38336439613865346132346533363137343436363033363663366339373832386461373235653434
62373736346362666664633532316230363932323361376632383537313731303037613661623264
37396632643733316336376435613833306536303262306133626562303562303236303035346438
38643636343438343638613732326234313963303836653765353733373533633533376266386236
31333137366663636162393863346339383537303738316237306666393539653163366261376265
32313063646633303334633766663739333564393336313363363936653934393563363237383339
63356134373630623631663966323938666161363462326566336265656365346336666339306633
61643765373931363834616263656634303439646138666563613833346536383230653539393736
32626532643736656461656330633461623733343733643139353336386132383033346634633638
35343431626239633065353234316633633430393737376337643537663930373534376535313337
36633639643065396435313439356237653030643338393933643665373037366431663061653736
37636136336433643435333639346263626533326462303664313861326533306233313233333236
63366366383434373366356138393338376238613439653661646635346634623662646330373862
62343436343363343130363730383938353062393661336238663864353062653733333539343165
32653536616332306538306430353534313338353063663131313730333335383662633838323131
37666234303564623539373535353133636334663163613130323937653537373037373136633865
66353534653463316134336233663664343766663461326532646638393634333566373439313637
38393835346364363936353736346664343430373961616635643661393030373337393930363032
66336161623665356530303663393061643235653439653336663465383230373234336531623339
30386463353633663138653337623661396536386235393334646233356266363534326430636237
66653436636431333362306166326433336566633232623736613964643066336231316538366163
61373663356334373438313939663739336635633338353736613564373035643936613366356438
34633838633662316163386133306535666534633939326465616435383233393366343232316230
39326538616333363737356430323433393837353639623539626434323266646433393931383165
38653632643537303162633939393832633130623838313838323638643662663038326231326339
35393333326561346235636361353235396538333338633562633932643735636566663363353330
61626261366637393031353330303937636234383965656462323236333535633963396264663866
66373631363133613264663163666238366638306164366332623535613937313639383035376262
66646630643465323337666239613066306662386334373339386235393265633566613336353633
38303536323761646432396161386232353036656237323563323737623431303963376664343463
37383031373362303161633030613330363639323032343631303736636161366236396535656566
62303732353531316534663739623162396263396161643130613063346132633636306533656662
32646261356363616563663438323731623561656533623734616531656134323437663935613030
37343034346337373762373437663439316638306633653831376539656665633234316264353631
35623565313961353262376662663030313833316361326364636530303166306535633034623931
36643238316637666362333735373965393165633437623331363438363364356235333438383533
36313532353433633764636564306238343435353966653638396663643535376565386638383637
33336466616264363364633038666537353465383135616664333366656236656637316132663836
37623932643637653561653365656164393034663661326166326266363563653263636339366436
66343131646339393131323561633661663830616130313962353530653239333431343662616530
38636663353134323430346636623536636435353937613365613637373032363830323661636133
30383562386637636563383763303837626132616533613066396562363731326465386164636661
35623733633437366330636132373762376565333532303032643637646637663435323538636464
31363363663838636437303466333536356638363865393532336332643639386531346538356666
32633062626538396234393262643161623732393938373638333861663563633735356232353334
30363931663639313439373562636239386665353637376562633864613330363836323631623933
31333835643539353536336332346139613237306234663636626435643732326433353133373238
65616236346131356234333561386466656537626535386564373463306262393361383938656138
34346339303332393264646332383366653737356239356531613232393037396438646137653835
65316438616530653038
